2021-09-29b
Length
-70
6.55
-0.065
XaaPropensity
A	-1.67
B	0
C	-3.73
D	-2.7
E	-1.77
F	-3.29
G	-4.14
H	-4.04
I	-2.4
J	-1.07
K	-2.39
L	-2.29
M	-3.19
N	-2.68
O	0
P	0
Q	-2.1
R	-2.1
S	-2.64
T	-2.84
U	0
V	-3.45
W	-5.34
X	0
Y	-4.29
Z	-1.66
YaaPropensity
A	-2.08
B	0
C	-3.2
D	-4.83
E	-2.23
F	-6.55
G	-5.3
H	-4.02
I	-2.15
J	0
K	-3.23
L	-5.11
M	-1.13
N	-5.21
O	0
P	-1.16
Q	-1.33
R	-1.4
S	-3.9
T	-3.04
U	0
V	-2.57
W	-5.07
X	0
Y	-3.7
Z	0
PairwiseLateral
	A	B	C	D	E	F	G	H	I	J	K	L	M	N	O	P	Q	R	S	T	U	V	W	X	Y	Z
A	-1.3	0	0	-1.54	0	-5.03	0	0	0	0	0	0	0	0	0	0	0	0	0	0	0	0	0	0	0	0	
B	0	0	0	0	0	0	0	0	0	0	0	0	0	0	0	0	0	0	0	0	0	0	0	0	0	0	
C	0	0	0	0	0	0	0	0	0	0	0	0	0	0	0	0	0	0	0	0	0	0	0	0	0	0	
D	2	0	0	0.46	0.4	0	0	0	0	0	4.15	0	0	0	0	0	0	4.3	0	0	0	0	0	0	0	0	
E	0	0	0	0	-2	0	0	0	0	0	2.38	0	0	0	0	0	0	-0.06	0	0	0	0	0	0	0	0	
F	0	0	0	0	0	0	0	0	0	0	0	0	0	0	0	0	0	0	0	0	0	0	0	0	0	0	
G	0	0	0	0	0	0	0	0	0	0	0	0	0	0	0	0	0	0	0	0	0	0	0	0	0	0	
H	0	0	0	0	0	-2.5	0	0	0	0	0	0	0	0	0	0	0	0	0	0	0	0	-3.58	0	-2.25	0	
I	0	0	0	-0.98	0	0	0	0	0	0	0	-1.99	0	0	0	0	0	0	0	0	0	0	0	0	0	0	
J	0	0	0	0	0	0	0	0	0	0	0	0	0	0	0	0	0	0	0	0	0	0	0	0	0	0	
K	0.06	0	0	0.54	1.68	-4.75	0	0	0	0.44	1.3	-0.1	0	0	0	0	0	-2	0.06	-2	0	0	-5.73	0	-2.8	2	
L	0	0	0	0	0	0	0	0	0	0	0	0	0	0	0	0	0	0	0	0	0	0	0	0	0	0	
M	0	0	0	0	0	0	0	0	0	0	0	-1.75	-1.75	0	0	0	0	0	0	0	0	0	0	0	0	0	
N	0	0	0	0	0	-1.67	0	0	0	0	0	0	0	0	0	0	0	0	0	0	0	0	0	0	0	0	
O	0	0	0	0	0	0	0	0	0	0	0	0	0	0	0	0	0	0	0	0	0	0	0	0	0	0	
P	0.12	0	0	0	0	-2.16	0	0	0	0	0	-0.46	0	0	0	0	0	0	0	0	0	0	0	0	-0.48	0	
Q	0	0	0	2	-1.46	-5.75	0	0	0.12	0	0	0	0	0	0	0	0	0	0	0	0	0	0	0	0	0	
R	0.25	0	0	0.3	1.23	-2.62	0	0	0	0	0.88	2	0	0	0	0	0	-0.22	0	0	0	0	-3.5	0	-1.25	0	
S	0	0	0	0	-0.08	0	0	0	0	0	0	0	0	0	0	0	0	0	0	0	0	0	0	0	0	0	
T	0	0	0	0	0	0	0	0	0	0	0	0	0	0	0	0	0	0	0	0	0	0	0	0	0	0	
U	0	0	0	0	0	0	0	0	0	0	0	0	0	0	0	0	0	0	0	0	0	0	0	0	0	0	
V	0	0	0	0	0	0	0	0	0	0	0	0	0	0	0	0	0	0	0	0	0	0	0	0	0	0	
W	0	0	0	0	0	0	0	0	0	0	0	0	0	0	0	0	0	0	0	0	0	0	0	0	0	0	
X	0	0	0	0	0	0	0	0	0	0	0	0	0	0	0	0	0	0	0	0	0	0	0	0	0	0	
Y	0	0	0	-1.3	1.96	0	-0.7	0	0	0	0	0	0	0	0	0	0	0	0	0	0	0	0	0	0	0	
Z	0	0	0	0	0	0	0	0	0	0	0	0	0	0	0	0	0	0	0	0	0	0	0	0	0	0	
PairwiseAxial
	A	B	C	D	E	F	G	H	I	J	K	L	M	N	O	P	Q	R	S	T	U	V	W	X	Y	Z
A	-0.72	0	0	0	0.54	0.32	0	0	0	0	0	0	0	0	0	0	0	0	0	0	0	0	0	0	0	0	
B	0	0	0	0	0	0	0	0	0	0	0	0	0	0	0	0	0	0	0	0	0	0	0	0	0	0	
C	0	0	0	0	0	0	0	0	0	0	0	0	0	0	0	0	0	0	0	0	0	0	0	0	0	0	
D	2	0	0	-1.6	0	0	0	0	0	0	1.3	0	0	0	0	0	0	0	0	0	0	0	0	0	0	0	
E	0	0	0	2	1.8	0	0	0	0	0	0	0	0	0	0	0	0	0.46	0	0	0	0	0	0	0	0	
F	0	0	0	0	0	0	0	0	0	0	1.28	0	0	0	0	0	0	0	0	0	0	0	0	0	0	0	
G	0	0	0	0	0	0	0	0	0	0	0	0	0	0	0	0	0	0	0	0	0	0	0	0	0	0	
H	0	0	0	0	0	2	0	0	0	0	0	0	0	0	0	0	0	0	0	0	0	0	2.19	0	2.13	0	
I	0	0	0	-1.6	0	0	0	0	0	0	0	0.49	0	0	0	0	0	0	0	0	0	0	0	0	0	0	
J	0	0	0	0	0	0	0	0	0	0	0	0	0	0	0	0	0	0	0	0	0	0	0	0	0	0	
K	0.94	0	0	5.3	3.66	3.34	2	0	0	0.6	1.26	1	0	0	0	0	0	0.58	2	0.22	0	0	3.84	0	3.2	5	
L	0	0	0	0	0	0	0	0	0	0	0	0	0	0	0	0	0	0	0	0	0	0	0	0	0	0	
M	0	0	0	0	0	0	0	0	0	0	0	0.4	0.1	0	0	0	0	0	0	0	0	0	0	0	0	0	
N	0	0	0	0	0	2.6	0	0	0	0	0	0	0	0	0	0	0	0	0	0	0	0	0	0	0	0	
O	0	0	0	0	0	0	0	0	0	0	0	0	0	0	0	0	0	0	0	0	0	0	0	0	0	0	
P	1	0	0	0.5	-0.2	-1	1	0	0	0	0	0	0	0	0	0	0	0	0	0	0	0	0	0	1	0	
Q	0	0	0	0.18	2	2.66	0	0	0.86	0	0	0	0	0	0	0	0	0	0	0	0	0	0	0	0.47	0	
R	1.9	0	0	2.44	1.06	3.7	-0.58	0	0	0	-1.14	0.54	0	0	0	0	2	-2	0	0	0	0	5.42	0	4.13	0	
S	0	0	0	0	0	0	2	0	0	0	0	0	0	0	0	0	0	0	0	0	0	0	0	0	0	0	
T	0	0	0	0	0	0	0	0	0	0	0	0	0	0	0	0	0	0	0	0	0	0	0	0	0	0	
U	0	0	0	0	0	0	0	0	0	0	0	0	0	0	0	0	0	0	0	0	0	0	0	0	0	0	
V	0	0	0	0	0	0	0	0	0	0	0	0	0	0	0	0	0	0	0	0	0	0	0	0	0	0	
W	0	0	0	2	-1.88	0	0	0	0	0	0.3	0	0	0	0	0	0	0	0	0	0	0	0	0	0	0	
X	0	0	0	0	0	0	0	0	0	0	0	0	0	0	0	0	0	0	0	0	0	0	0	0	0	0	
Y	0	0	0	-2	-1.9	0	0	0	0	0	0	0	0	0	0	0	0	0	0	0	0	0	0	0	0	0	
Z	0	0	0	0	0	0	0	0	0	0	0	0	0	0	0	0	0	0	0	0	0	0	0	0	0	0	
EOF
