2021-09-20
Length
-70
6.55
-0.065
XaaPropensity
A	-1.67
B	0
C	-3.73
D	-2.50
E	-1.83
F	-4.33
G	-4.7
H	-3.6
I	-3.50
J	-1.33
K	-2.17
L	-2.17
M	-2.67
N	-3.0
O	0
P	0
Q	-2.3
R	-2.2
S	-2.00
T	-3.50
U	0
V	-2.83
W	-5.50
X	0
Y	-5.33
Z	-1.66
YaaPropensity
A	-2.00
B	0
C	-3.2
D	-5.17
E	-2.53
F	-6.33
G	-4.86
H	-4.00
I	-1.93
J	0
K	-3.17
L	-4.67
M	-1.17
N	-5.33
O	0
P	-1.00
Q	-1.67
R	-0.50
S	-4.1
T	-2.5
U	0
V	-2.17
W	-7.07
X	0
Y	-5.7
Z	0
PairwiseLateral
	A	B	C	D	E	F	G	H	I	J	K	L	M	N	O	P	Q	R	S	T	U	V	W	X	Y	Z
A	0	0	0	0	0	-4.25	0	0	0	0	0	0	0	0	0	0	0	0	0	0	0	0	0	0	0	0	
B	0	0	0	0	0	0	0	0	0	0	0	0	0	0	0	0	0	0	0	0	0	0	0	0	0	0	
C	0	0	0	0	0	0	0	0	0	0	0	0	0	0	0	0	0	0	0	0	0	0	0	0	0	0	
D	0	0	0	0	0	0	0	0	0	0	4.75	0	0	0	0	0	0	5.0	0	0	0	0	0	0	0	0	
E	0	0	0	0	0	0	0	0	0	0	1.0	0	0	0	0	0	0	0.6	0	0	0	0	0	0	0	0	
F	0	0	0	0	0	0	0	0	0	0	0	0	0	0	0	0	0	0	0	0	0	0	0	0	0	0	
G	0	0	0	0	0	0	0	0	0	0	0	0	0	0	0	0	0	0	0	0	0	0	0	0	0	0	
H	0	0	0	0	0	-2.50	0	0	0	0	0	0	0	0	0	0	0	0	0	0	0	0	-3.50	0	-2.25	0	
I	0	0	0	0	0	0	0	0	0	0	0	0.01	0	0	0	0	0	0	0	0	0	0	0	0	0	0	
J	0	0	0	0	0	0	0	0	0	0	0	0	0	0	0	0	0	0	0	0	0	0	0	0	0	0	
K	0	0	0	-0.50	1.00	-2.75	0	0	0	0	0	0	0	0	0	0	0	0	0	0	0	0	-5.25	0	-3.50	0	
L	0	0	0	0	0	0	0	0	0	0	0	0	0	0	0	0	0	0	0	0	0	0	0	0	0	0	
M	0	0	0	0	0	0	0	0	0	0	0	-1.75	-1.75	0	0	0	0	0	0	0	0	0	0	0	0	0	
N	0	0	0	0	0	-0.75	0	0	0	0	0	0	0	0	0	0	0	0	0	0	0	0	0	0	0	0	
O	0	0	0	0	0	0	0	0	0	0	0	0	0	0	0	0	0	0	0	0	0	0	0	0	0	0	
P	0	0	0	-1.50	-1.00	-1.50	0	0	0	0	0	-2.00	0	0	0	0	0	0	0	0	0	0	0	0	0	0	
Q	0	0	0	0	0	-3.75	0	0	1.50	0	0	0	0	0	0	0	0	0	0	0	0	0	0	0	0	0	
R	-1.75	0	0	-1.50	-0.25	-3.00	0	0	0	0	0	0	0	0	0	0	0	0	0	0	0	0	-5.50	0	-3.25	0	
S	0	0	0	0	0	0	0	0	0	0	0	0	0	0	0	0	0	0	0	0	0	0	0	0	0	0	
T	0	0	0	0	0	0	0	0	0	0	0	0	0	0	0	0	0	0	0	0	0	0	0	0	0	0	
U	0	0	0	0	0	0	0	0	0	0	0	0	0	0	0	0	0	0	0	0	0	0	0	0	0	0	
V	0	0	0	0	0	0	0	0	0	0	0	0	0	0	0	0	0	0	0	0	0	0	0	0	0	0	
W	0	0	0	0	0	0	0	0	0	0	0	0	0	0	0	0	0	0	0	0	0	0	0	0	0	0	
X	0	0	0	0	0	0	0	0	0	0	0	0	0	0	0	0	0	0	0	0	0	0	0	0	0	0	
Y	0	0	0	0	0	0	0	0	0	0	0	0	0	0	0	0	0	0	0	0	0	0	0	0	0	0	
Z	0	0	0	0	0	0	0	0	0	0	0	0	0	0	0	0	0	0	0	0	0	0	0	0	0	0	
PairwiseAxial
	A	B	C	D	E	F	G	H	I	J	K	L	M	N	O	P	Q	R	S	T	U	V	W	X	Y	Z
A	0	0	0	0	0	1.10	0	0	0	0	0	0	0	0	0	0	0	0	0	0	0	0	0	0	0	0	
B	0	0	0	0	0	0	0	0	0	0	0	0	0	0	0	0	0	0	0	0	0	0	0	0	0	0	
C	0	0	0	0	0	0	0	0	0	0	0	0	0	0	0	0	0	0	0	0	0	0	0	0	0	0	
D	0	0	0	0	0	0	0	0	0	0	-0.2	0	0	0	0	0	0	-0.8	0	0	0	0	0	0	0	0	
E	0	0	0	0	0	0	0	0	0	0	0.8	0	0	0	0	0	0	0.3	0	0	0	0	0	0	0	0	
F	0	0	0	0	0	0	0	0	0	0	0	0	0	0	0	0	0	0	0	0	0	0	0	0	0	0	
G	0	0	0	0	0	0	0	0	0	0	0	0	0	0	0	0	0	0	0	0	0	0	0	0	0	0	
H	0	0	0	0	0	2.00	0	0	0	0	0	0	0	0	0	0	0	0	0	0	0	0	2.25	0	2.13	0	
I	0	0	0	0	0	0	0	0	0	0	0	0.01	0	0	0	0	0	0	0	0	0	0	0	0	0	0	
J	0	0	0	0	0	0	0	0	0	0	0	0	0	0	0	0	0	0	0	0	0	0	0	0	0	0	
K	0	0	0	7.3	4.00	2.40	0	0	0	0	0	0	0	0	0	0	0	0	0	0	0	0	4.10	0	3.80	0	
L	0	0	0	0	0	0	0	0	0	0	0	0	0	0	0	0	0	0	0	0	0	0	0	0	0	0	
M	0	0	0	0	0	0	0	0	0	0	0	0.40	0.10	0	0	0	0	0	0	0	0	0	0	0	0	0	
N	0	0	0	0	0	0.60	0	0	0	0	0	0	0	0	0	0	0	0	0	0	0	0	0	0	0	0	
O	0	0	0	0	0	0	0	0	0	0	0	0	0	0	0	0	0	0	0	0	0	0	0	0	0	0	
P	0	0	0	0	0	0	0	0	0	0	0	0	0	0	0	0	0	0	0	0	0	0	0	0	0	0	
Q	0	0	0	0	0	2.10	0	0	0.40	0	0	0	0	0	0	0	0	0	0	0	0	0	0	0	0.01	0	
R	-0.10	0	0	1.30	-0.10	4.50	0	0	0	0	0	0	0	0	0	0	0	0	0	0	0	0	6.80	0	6.13	0	
S	0	0	0	0	0	0	0	0	0	0	0	0	0	0	0	0	0	0	0	0	0	0	0	0	0	0	
T	0	0	0	0	0	0	0	0	0	0	0	0	0	0	0	0	0	0	0	0	0	0	0	0	0	0	
U	0	0	0	0	0	0	0	0	0	0	0	0	0	0	0	0	0	0	0	0	0	0	0	0	0	0	
V	0	0	0	0	0	0	0	0	0	0	0	0	0	0	0	0	0	0	0	0	0	0	0	0	0	0	
W	0	0	0	0	0	0	0	0	0	0	0	0	0	0	0	0	0	0	0	0	0	0	0	0	0	0	
X	0	0	0	0	0	0	0	0	0	0	0	0	0	0	0	0	0	0	0	0	0	0	0	0	0	0	
Y	0	0	0	0	0	0	0	0	0	0	0	0	0	0	0	0	0	0	0	0	0	0	0	0	0	0	
Z	0	0	0	0	0	0	0	0	0	0	0	0	0	0	0	0	0	0	0	0	0	0	0	0	0	0	
EOF
